A_invB_inv:  
  
  
2 0.0001245499997821753  
5 9.270000009564683e-05  
10 0.00012679999963438604  
12 0.00011475000064820051  
15 0.0001687499998297426  
20 8.915000034903642e-05  
30 0.0001830000010158983  
40 0.0002889500001401757  
45 0.00024109999958454864  
50 0.00032929999997577397  
55 0.001593900000443682  
60 0.0005154999998921994  
75 0.0005118000008224044  
100 0.0010457999997015577  
125 0.001239299999724608  
160 0.0019525499992596451  
200 0.01344370000060735  
250 0.003025700000762299  
350 0.0073021499993046746  
500 0.02221654999993916  
600 0.030557449999832897  
800 0.05846744999962539  
1000 0.08278839999911725  
  
  
A_invB_npSolve:  
  
  
2 8.444999912171625e-05  
5 6.865000068501104e-05  
10 0.00011014999927283498  
12 8.615000024292385e-05  
15 0.00040439999884256395  
20 5.580000015470432e-05  
30 0.0009767999999894528  
40 0.0002287500001330045  
45 0.0003261499996369821  
50 0.00023194999994302634  
55 0.00030605000029026996  
60 0.0002678500004549278  
75 0.0018878000000768225  
100 0.0011091500000475207  
125 0.0008554499991078046  
160 0.0009740000004967442  
200 0.005398449999120203  
250 0.0025776999991649063  
350 0.008050350000303297  
500 0.02073290000043926  
600 0.020971549999558192  
800 0.07227399999919726  
1000 0.0813138000003164  
